-3.56100783281	-3.46769021676	-1
0.15461167447	-3.97509154289	-1
-1.16101164861	8.39369078428	-1
-3.15456935851	4.87585942059	-1
1.47761660366	-0.451931354415	-1
-0.559181389148	3.66067197864	-1
-0.662708815442	-1.8152163077	-1
-1.27713540453	-3.22416290524	-1
-6.93750892586	0.702068804768	-1
2.45388968042	2.91046677318	-1
0.099060404126	0.304544794891	-1
5.34117302816	-3.19553617105	-1
-1.42657948197	-0.404705414005	-1
-3.90321337114	1.77474123187	-1
-4.19302245072	3.52558089147	-1
-0.97077390545	-0.626617538929	-1
1.43102259442	2.55807921637	-1
1.54907953368	-1.08253139396	-1
1.16718786841	-1.45563868901	-1
-0.70786929283	-1.56567291577	-1
2.34752767191	4.52950169955	-1
2.75051075265	-1.54666104239	-1
-2.9936953564	-2.22576937396	-1
-0.444050424719	-2.11766742718	-1
0.75865087802	0.876146469838	-1
4.07654249077	-3.39156092457	-1
-2.45506843402	3.38072581882	-1
4.66628720756	-3.8604058289	-1
1.14488806353	1.51273535466	-1
-2.80558959342	2.81707963361	-1
-0.637175232297	5.45003927171	-1
-0.816349104063	-3.53449659594	-1
1.38943048053	-3.1988851708	-1
0.278554612623	0.216154773685	-1
-0.840885272728	-1.76003544952	-1
0.859991421801	-3.41310613062	-1
2.39589475688	-3.32795859955	-1
3.80744639197	0.123942289662	-1
3.4874910733	1.20840667824	-1
-0.392564344879	-2.54028274367	-1
-0.891080101935	-6.18625792283	-1
6.58416101912	-1.23127842675	-1
4.52221989518	0.96629386299	-1
-2.70257822576	-1.00432371308	-1
-2.19726091549	0.385054669203	-1
0.831850964794	-3.17979998946	-1
1.11662868504	4.87628322476	-1
0.944535557294	2.39075840528	-1
0.911155084136	-0.339404214753	-1
2.11730579197	-1.48763177076	-1
20.6942142609	17.8874166193	1
26.3819885888	13.137104429	1
17.9893634279	16.7921988458	1
24.1312884136	16.9214058311	1
24.3001450212	20.8576063368	1
23.3420718744	18.5948124235	1
17.09125089	23.5458433353	1
21.3761315871	17.7375905454	1
14.4597244524	20.5591716291	1
22.4927014665	20.0041715685	1
18.0352593725	25.3067340803	1
17.6608929669	23.0983269918	1
23.1715538562	22.4292537264	1
20.6294082696	18.0419775032	1
24.7550612489	22.6410873206	1
22.9488510813	19.5373880552	1
18.7647688041	18.482354824	1
18.0418274464	15.15065571	1
16.3661609618	21.2537463238	1
15.0104580788	22.892358125	1
24.7052105553	20.1022037099	1
22.6666610703	19.9373120405	1
18.2988936972	23.1826599299	1
17.279882105	18.5471642374	1
21.3037919034	20.1393974103	1
21.1053534551	21.8337542946	1
24.9888863142	24.9295346771	1
19.8699038244	18.3512233983	1
12.1163134374	17.7035284397	1
20.8892452787	13.2313192139	1
16.6853389559	21.8541446837	1
22.0532514378	18.8535017602	1
17.8335936287	19.3752131682	1
20.5147119714	19.0076547202	1
16.1503164003	18.7603816541	1
23.5944824753	16.2050752353	1
16.3081353016	18.3582719738	1
17.6814572875	14.5298583325	1
21.9292904043	14.6601827649	1
23.9122953558	27.2051686949	1
21.2956353295	14.7048608676	1
22.91944322	20.8061654063	1
22.6096581093	20.3941649408	1
19.9674921546	11.7764067877	1
20.8518880086	23.0442832214	1
18.6835533397	14.650334782	1
21.0241849923	19.7670294365	1
20.5236319306	18.5184179106	1
18.6822205123	25.1370534474	1
21.5728991559	23.2929780448	1
